1,400.0000,1.4000
1,400.0000,1.4000
1,400.0000,1.4000
1,100.0000,1.4000
1,200.0000,1.0000
1,200.0000,1.0000
1,200.0000,1.0000
1,300.0000,1.0000
1,500.0000,1.0000
1,1000.0000,1.0000
1,1000.0000,1.0000
1,1000.0000,1.5000
1,1000.0000,2.0000
1,1000.0000,1.2000
1,1000.0000,1.2000
1,1000.0000,1.2000
1,1500.0000,1.2000
1,2000.0000,1.2000
1,1800.0000,1.1000
1,1600.0000,1.1000
1,1600.0000,1.1000
1,1600.0000,1.1500
1,1600.0000,1.1500, 5.0000
1,1600.0000,1.1500, 5.0000
1,1600.0000,1.1500, 5.0000
1,550.0000,1.1500, 5.0000
1,550.0000,1.1500, 3.0000
1,850.0000,1.1500, 2.5000
1,500.0000,1.1500, 2.5000
1,300.0000,1.1500, 2.5000
1,15.0000,1.4000, 0.2000
1,15.0000,1.4000, 0.2000
1,30.0000,1.4000, 0.2000
1,30.0000,1.7000, 0.2000
1,45.0000,1.0000, 0.2000
1,40.0000,1.5000, 0.2000
1,40.0000,1.2500, 0.2000
1,40.0000,1.3200, 0.2000
1,40.0000,1.4000, 0.2000
1,45.0000,1.4000, 0.2000
1,45.0000,1.3000, 0.2000
1,45.0000,1.4500, 0.2000
1,45.0000,1.5000, 0.2000
1,45.0000,2.0000, 0.2000
1,45.0000,1.7500, 0.2000
1,45.0000,1.6750, 0.2000
1,50.0000,1.6750, 0.2000
1,50.0000,1.6750, 0.2000
1,50.0000,1.7500, 0.2000
1,60.0000,1.7500, 0.2000
1,60.0000,1.6000, 0.2000
1,60.0000,1.6700, 0.2000
